20170530T143959.289436 Position: 4,5, 46, 1,5
20170530T143959.790486 Position: 4,5, 46, 1,5
20170530T144000.290536 Position: 4,5, 46, 1,5
20170530T144000.792586 Position: 4,5, 46, 1,5
20170530T144001.293636 Position: 4,5, 46, 1,5
20170530T144001.795686 Position: 4,5, 46, 1,5
20170530T144002.296736 Position: 4,5, 46, 1,5
20170530T144002.798787 Position: 4,5, 46, 1,5
20170530T144003.299837 Position: 4,5, 46, 1,5
20170530T144003.799887 Position: 2,97094245287784, 46, 1,77559261803786
20170530T144004.299937 Position: 2,83991849621167, 46, 4,40546869579634
20170530T144004.799987 Position: 2,83991849621167, 47,0155550727022, 7,22139772635032
20170530T144005.300037 Position: 2,83991849621167, 46, 8,35975741738166
20170530T144005.800087 Position: 2,83991849621167, 47,2491870787447, 10,1191385279344
20170530T144006.300137 Position: 2,83991849621167, 47,1661092609382, 11,9007637175603
20170530T144006.800187 Position: 2,83991849621167, 46, 12,0944741085766
20170530T144007.300237 Position: 2,83991849621167, 46,4807108763317, 10,5624530284998
20170530T144007.800287 Position: 2,83991849621167, 46, 8,4762692240651
20170530T144008.300337 Position: 2,83991849621167, 46,7531999805212, 9,51082787030992
20170530T144008.800387 Position: 2,83991849621167, 46, 11,1717425301764
20170530T144009.300437 Position: 2,83991849621167, 46, 11,9604168532125
20170530T144009.801487 Position: 4,15853186612719, 47,0013359791121, 11,9668686522345
20170530T144010.301537 Position: 5,65972336566132, 45,2092074811096, 11,9668686522345
20170530T144010.801587 Position: 5,65972336566132, 45, 11,9668686522345
20170530T144011.301637 Position: 5,65972336566132, 45, 11,9668686522345
